
|Spinach|58|92.13|4|Sep|2022|82|
|Candy|51|107.97|12|Dec|2023|137|
|Rice|50|91.14|29|Sep|2023|129|
|Tofu|18|105.00|24|Jan|2022|75|
|Apple|58|69.36|15|May|2024|83|
|Pasta|5|92.13|19|Dec|2023|90|
|Broccoli|64|55.50|9|Jul|2023|91|
|Lettuce|8|235.69|13|Sep|2022|149|
|Bread|64|209.95|27|Aug|2023|108|
|Tomatoes|69|124.80|10|Jun|2022|70|
|Peanuts|52|91.14|23|Sep|2022|140|
|Onions|73|76.29|25|Jan|2023|158|
|Shrimp|99|61.44|9|Apr|2024|163|
|Soda|83|154.50|1|Apr|2023|118|
|Cookies|7|68.37|26|Sep|2022|74|
